0.02697025597193125	0.011376241378715101	0.049532551098119694	0.4586929633954023	0.06441115982052222	0.007684321452855239	0.2506666300205444	0.08852811979668039	0.027399404625224544	0.014738352440004881	
0.017053349016704078	0.7709363814482517	0.015459011818278431	0.047315552403654745	0.025540226719768213	0.012205613939879557	0.03672335776698943	0.019928200806310754	0.024971503820530403	0.029866802259632688	
0.02342214512116461	0.47495220443971103	0.010947539364874179	0.28227596903401364	0.01070847195332966	0.007347654798068824	0.04837487830860248	0.010811550828406546	0.1168494390580601	0.014310147093769035	
0.004852184975852011	0.004356205305602959	0.006187290063989198	0.0060244938517257365	0.149345740665592	0.006378017296008609	0.007929360756582059	0.5520535497501684	0.1201976150571827	0.14267554227729629	
0.10941887972954101	0.13299438736913322	0.010964860283309442	0.051759988747227245	0.00990200397737005	0.011841522587977969	0.3562018000162774	0.04000298952146719	0.26997520090643823	0.006938366861258181	
0.1133074255162695	0.33135432278160626	0.027386811914751442	0.019230160018158093	0.09432197920682761	0.03355030854337128	0.3386656248395283	0.010318152824745125	0.021517388928676072	0.01034782542606635	
0.004190453318080676	0.33565449671913133	0.1041468448846811	0.45484782585882805	0.023424172496227143	0.003414364695596815	0.023673081581257596	0.022496728967159808	0.014243247221688252	0.013908784257349155	
0.08496795294248329	0.3463309907925874	0.015284871827207768	0.040639715818350554	0.1668897557046429	0.016522952018312668	0.016934821870926254	0.012480520573317477	0.27489553992205856	0.025052878530113083	
0.04529299987477198	0.46883388115385277	0.00599663607018805	0.3236925228200159	0.009133436995946834	0.0042532880177567995	0.006882489164591036	0.0044491185788007375	0.011012418116852609	0.1204532092072231	
0.36629495478020196	0.04953496285835297	0.029927788106294446	0.13119268519696486	0.011959427233281129	0.022864854838373826	0.20956062049290844	0.13573915169983272	0.009805081935334107	0.03312047285845574	
0.05683722305997033	0.1350941710154583	0.04999107997443816	0.14257967096209906	0.0210640255665579	0.019087513588421295	0.09777655938329315	0.374771054165583	0.006494703587572432	0.0963039986966065	
0.02094168747785955	0.03029843555579118	0.04346309986401644	0.12449267450037095	0.14720319644517407	0.3593465165888019	0.017025443123061753	0.20101585082939166	0.021155814750524683	0.035057280865007936	
0.014088669303906926	0.007969426490659319	0.01539115658416298	0.29587137013768544	0.0067330632762945515	0.003210039823107111	0.20250778558420832	0.44330282763352374	0.006139408399741622	0.004786252766710021	
0.014586772388123559	0.16124835364486528	0.12337098206448167	0.33491402167448814	0.0893753026601292	0.0330593624304515	0.028294919559352427	0.027328114840936262	0.09193167249283002	0.09589049824434202	
0.0840132507075297	0.34462867341984027	0.006243026996260191	0.1574293659977926	0.12087610568134416	0.008518516841118201	0.007797589247463408	0.008484262924462336	0.2539664326705423	0.008042775513646818	
0.09650384445173496	0.0908796059563197	0.055895400235562054	0.22751009409160444	0.006737770436240423	0.006809170179032291	0.36901514552545744	0.011815149906658247	0.1052730741103774	0.029560745107012933	
0.010270738927568579	0.35070874127183344	0.013184863425121967	0.009430843334153742	0.37950717523033334	0.0032214005831060055	0.014929001774400492	0.015354432151463768	0.011695381626867313	0.19169742167515136	
0.2670611929204872	0.2751120684084968	0.009514725610257083	0.08583631470944475	0.006282690650515207	0.006567589112451572	0.15675747059385628	0.07469367418277223	0.007950349454390238	0.11022392435732857	
0.0048504957964182315	0.0038409592714087576	0.06148086967368378	0.5189381012610306	0.016774251056827005	0.005441640564308259	0.08264395339807652	0.241519868577693	0.05861879493793629	0.005891065462617559	
0.010862994261479382	0.019181499935141254	0.005247446749256946	0.016295148308730086	0.033992079259114766	0.37571415117045887	0.0154684436056468	0.006037703632208508	0.4865649312417142	0.03063560183624906	
0.009773013464672619	0.010331944001183828	0.006429243325959074	0.04624793517460548	0.18874060570267304	0.004347738391372754	0.03354050389182346	0.5960946077779959	0.014809337256117409	0.08968507101359643	
0.14067574731358337	0.00988473840706253	0.01880290499435023	0.006304321459519389	0.00905104420827141	0.008966341688417022	0.03182985359311092	0.009848687020273332	0.7562254237819624	0.008410937533449413	
0.007551327206655396	0.0487308364555678	0.06388365259815142	0.09573883953100704	0.24989294144447846	0.1007697601488038	0.013697933452127407	0.007117925676056727	0.4020757488566995	0.01054103463045248	
0.018010010945035383	0.9523629142373441	0.002490470030752503	0.0038473149347238588	0.0024394039741948187	0.0030091148834531043	0.006091323738633551	0.004003009442283843	0.0035385813137112873	0.004207856499867431	
0.008658335395139452	0.015705846631807872	0.026117129046954003	0.45319200785977654	0.006201452437216461	0.005367631865395941	0.04506404450366052	0.379063531574505	0.05096797704921446	0.009662043636329698	
0.009511616461224889	0.12765947749927348	0.07281513729958891	0.218848597575659	0.1376753475864755	0.011522476972757472	0.07756526343022176	0.2718828019975886	0.059596047128850436	0.012923234048359935	
0.1393120177756894	0.013521914177115164	0.28031199213752045	0.1035333778866807	0.015863047424259	0.03218826074126695	0.026011682955950775	0.17507649265560554	0.07026381597623749	0.14391739826967456	
0.21978235152436612	0.010778091373915345	0.008615685616378151	0.27803615615759286	0.033893573813908076	0.2960931918386294	0.019490531910589137	0.01898868914642632	0.03653548101793748	0.0777862476002571	
0.012873046698352038	0.19823111998481366	0.05178615507720406	0.4698255757538982	0.18324560593895653	0.008051625233642796	0.02517099171376562	0.007348909492396781	0.03434131654511547	0.009125653561854803	
0.1994766762464319	0.08911800450194697	0.026622396111704586	0.13428116981575716	0.03278370153451381	0.018631943716672903	0.3201049219054991	0.016767519244817567	0.05238802773712239	0.10982563918553355	
0.05014415253078911	0.009670730421218304	0.006721058586502393	0.25901121240712266	0.00843453947885904	0.022637055089116728	0.0075763526982293005	0.007974262438892599	0.0725377743026915	0.5552928620465785	
0.004327476531671505	0.011107864233043609	0.007413809190676351	0.19296783951461477	0.03861072422362934	0.003947893943216409	0.09217216314061859	0.19681143170208712	0.23331119066886666	0.21932960685157554	
0.9508292704243981	0.028620191234579585	0.002127035888727	0.002714234226949622	0.0019321592944835186	0.002299755646379484	0.0038704126528810692	0.002076386623608747	0.003224309427665521	0.002306244580327447	
0.0034212707845633437	0.052175027289840074	0.0028263705147003114	0.01855451051945477	0.05280221264620951	0.0019204103043168447	0.014402543928666255	0.6719002295403675	0.0077633506484750085	0.1742340738234063	
0.0928479220409432	0.03484925738304163	0.010360715421719475	0.023571670674405097	0.009259464438048329	0.37033386595298096	0.37942601994615754	0.0569471710446257	0.01106895198952094	0.011334961108557147	
0.0589030271317592	0.4114204227348917	0.006426413400119096	0.021026465141864143	0.03160689278534087	0.006623813218732752	0.2442431076657183	0.013290166780741543	0.04978571763252334	0.1566739735083091	
0.011616363577011566	0.06629469661937942	0.06132998763812031	0.0809469567367581	0.07486658484167572	0.0626111607649104	0.26855872708093226	0.3385091296540799	0.02371735174291493	0.01154904134421764	
0.09983066865976954	0.12517982769002742	0.004929262557539278	0.02506726087478108	0.03526441215532092	0.009724210888813275	0.039211985094272456	0.00593575562593322	0.2692065503948384	0.38565006605870444	
0.045726662881586014	0.050444528631009344	0.026205716792325758	0.3724035686365558	0.017493607488432587	0.31148726555943257	0.008404454967213903	0.01960571656960439	0.12719863556996894	0.021029842903870676	
0.053069102164950005	0.08298462062932227	0.04169717488015074	0.05225244863481333	0.3391941120734021	0.03812187358451753	0.04199155390802526	0.143038708164687	0.16737686244315383	0.040273543516977955	
0.07268615023080602	0.08572049001180344	0.016596165931406788	0.6936334107352293	0.014026962530369735	0.01627436496499971	0.03598089151487831	0.01734718454431782	0.014187257759501255	0.033547121776687554	
0.006033084811049371	0.576923185293841	0.0036042313107601054	0.007364459380587095	0.005891978835996215	0.008133697169104519	0.012307913616812148	0.003640260565089193	0.36559877038352845	0.010502418633232001	
0.029773498308379994	0.06996153388561419	0.01717977473801997	0.20954294919359695	0.017346897764366986	0.0026092112277951865	0.006603699264363253	0.5179575572763052	0.06986742737446057	0.0591574509670976	
0.09832123245469772	0.45646433058036856	0.014444070959767064	0.09640814301905348	0.031655961352173766	0.03438634519740916	0.016862272292477387	0.20325844822763733	0.015427965107505865	0.032771230808909646	
0.014584961790096765	0.06396675135552228	0.008006835130712164	0.4601496175674411	0.007552618387400754	0.005691325641651868	0.1143963062644777	0.01780005275772345	0.009716517319528691	0.29813501378544527	
0.02015865771195735	0.07601251539707737	0.004352641974733265	0.10922683952829187	0.21230536177752954	0.015082693829857547	0.1286554807496632	0.10555751992685938	0.18387406904544687	0.14477422005858367	
0.036285270667420925	0.1378802953952337	0.00784322978355345	0.5870937787882133	0.04966448074461588	0.007537108072792823	0.0163387456332929	0.0557390445783767	0.012986905541508238	0.08863114079499204	
0.008906505648106985	0.005878661856917049	0.04723737502475433	0.2325492891238474	0.0198573090031734	0.0067004332006309324	0.2586235205092825	0.312626572858041	0.0672435328652735	0.04037679990997283	
0.051875251270117176	0.31515283134752925	0.0641842891416869	0.1382929636051999	0.11323752617295363	0.07212868352514436	0.04289151137092963	0.04065781116675203	0.04500276418444738	0.11657636821523974	
0.03523243664516185	0.13825244483895838	0.01844424657349111	0.29013722507118833	0.0067790573355745905	0.07650059262888201	0.15649677841465637	0.12324997580509287	0.1384392653150475	0.01646797737194711	
0.19365326151209072	0.2251299474860293	0.04461816398886397	0.12607350183881608	0.04224161533873382	0.03737606088075242	0.02226852280556452	0.022000036457173605	0.26806862282160826	0.018570266870367273	
0.005024185803810159	0.41210969963113814	0.0037061949820857538	0.201950079499538	0.02925679871239627	0.16843697209392106	0.0050342772977130254	0.07865542244032112	0.09004842087179118	0.005777948667285378	
0.013699566195742698	0.07882112238488333	0.0020686298095048475	0.028757611270841706	0.034101123557000755	0.007193233853541457	0.1669522280460964	0.004599997900611304	0.5028513862379262	0.16095510074385125	
0.0867202001132945	0.02018504522803165	0.42814417359912965	0.33568097586749757	0.046315716485295554	0.00455991551869341	0.023196557294088784	0.02141704303889874	0.021242533508022306	0.012537839347047866	
0.026352859858897397	0.11658895015539009	0.013876777756977076	0.10289350106535743	0.20295860484562403	0.004307151310535777	0.21297171759385988	0.20912601534141648	0.009864182090501918	0.10106023998143994	
0.013395518413328894	0.21498491556891947	0.023407798613286564	0.13891432637802734	0.007343265547162224	0.007852508147403577	0.11138684606811133	0.00848006781614576	0.3114449254904276	0.16278982795718724	
0.007223434905389522	0.23597515721827655	0.031194012206973376	0.02013976605049019	0.010750317290052427	0.024196238332461345	0.005328063782517126	0.07994924258312719	0.4884340769807961	0.09680969064991615	
0.04546522942188539	0.021830284267115817	0.014322222384122656	0.4905700402194201	0.015950831004438462	0.005912146635731181	0.0823112260663872	0.044977904283552445	0.123944396032504	0.15471571968484288	
0.0922630046238674	0.09331854035241571	0.0907082194026983	0.11393849375191371	0.09674781327325029	0.09347086319583003	0.09209166366246743	0.11130373244341932	0.10237236061318021	0.11378530868095754	
0.009738584132093744	0.5841254319380915	0.006191181938655066	0.1134825035218693	0.047196086253981535	0.004988644669420762	0.04965176276498176	0.05046048526682762	0.12665892258308548	0.007506396930993347	
0.012147365640234083	0.028037041934494366	0.01607575825662154	0.029501818584318124	0.007239367684082291	0.004394387769314243	0.5602405796169405	0.28194228223886675	0.023858711107724275	0.03656268716740386	
0.020292209264333505	0.08254966774068097	0.038685066378752395	0.043438279822856606	0.03781764400957781	0.018517183587911844	0.217886519017641	0.03759502141975565	0.42352878206201466	0.07968962669647553	
0.08245469326423123	0.05814668607775076	0.08146620333019686	0.2346625159146049	0.09895804800735208	0.004664153974877206	0.20304282338115198	0.005527270484513089	0.1961770558277213	0.03490054973760068	
0.023667238419084892	0.019344076941256942	0.32961120052153764	0.2178883363371454	0.007101068044367277	0.05839263673947241	0.014743100204656424	0.03201333924339334	0.23390688208348104	0.0633321214656047	
0.05028799918636833	0.04177217784828657	0.019611945529054008	0.4473548315659677	0.031163870811795887	0.0035463201095283087	0.00936925796955941	0.2547826845521605	0.031010195436723745	0.11110071699055539	
0.045853576375849275	0.2510960236018142	0.006096879046905091	0.15242196504891997	0.17661201008685054	0.006647494726939975	0.1521693475692793	0.1364454454922502	0.04029840535310366	0.03235885269808772	
0.02590157559241829	0.016366979598757738	0.02670869918936935	0.30796132214574745	0.20700131602619123	0.01600870182435601	0.09681399788678625	0.08828902877475103	0.05765047422265973	0.15729790473896296	
0.0046976339443778985	0.007857691183137469	0.00873141212332565	0.01125067763936976	0.22324311520106777	0.009824484967790282	0.009006168382960967	0.3739116888031396	0.11718012899347953	0.23429699876135118	
0.03486086900284613	0.08665485738632386	0.07612781135923487	0.42525754140049526	0.07161441896180523	0.05049810534596487	0.0511935770056896	0.058206982757993186	0.13235675099589048	0.013229085783756573	
0.1063460250667165	0.1252387329987237	0.02142141338069911	0.06960569200655263	0.01545693359194819	0.007313729819674526	0.1638467302554681	0.2524885755205452	0.07531836094592524	0.1629638064137469	
0.019466058385971857	0.017056240699222645	0.01638265020631525	0.1557831240108482	0.5054132564882297	0.02614921978445701	0.02359686518761967	0.017378006038266648	0.17949686322310535	0.0392777159759637	
0.013829125318728092	0.010506129228271193	0.017157767030963104	0.033410949668313664	0.010189306347502147	0.018658140184463195	0.009429973342114926	0.017892485615325582	0.00879668286493827	0.8601294403993798	
0.007931523296209353	0.021337795586774563	0.015592786367098021	0.011025842984406635	0.11701189218471822	0.007842853922329893	0.2840649301278277	0.48645729015534933	0.007684840363186772	0.04105024501209955	
0.007582035623805755	0.03056134343080103	0.0411661964048513	0.017213690348999406	0.006754930954098555	0.6084442449071714	0.015822571296350417	0.006744495625133454	0.2530389565207733	0.012671534888015316	
0.03142833180081035	0.012873887894092509	0.045092284045088624	0.41264431253937744	0.15201225743398528	0.022448229300896436	0.19938793805816607	0.06173628433031074	0.05333029938846484	0.00904617520880767	
0.029390019943107012	0.007134113973027535	0.00790407429546969	0.08990725407462245	0.005715316622683716	0.01204029319511657	0.06663683616407942	0.09292506305318564	0.008526530273000899	0.679820498405707	
0.01353586193610831	0.17827230585714232	0.007149307065236392	0.3061090320961572	0.08753774304531972	0.03884271230105044	0.24750619318390052	0.036066224032123756	0.07191119735850322	0.013069423124458005	
0.09090164062160608	0.08913460268704085	0.08919099573307618	0.08894756653029784	0.09193368839854406	0.17182100193420596	0.08907039038565036	0.0889128086472809	0.09381160285891914	0.1062757022033786	
0.011402300785129724	0.0863351571465403	0.02499442281820454	0.19709570120322742	0.06736968817149763	0.2688354089070204	0.10976531845187368	0.01848113687192395	0.16417917034989504	0.05154169529468727	
0.35527498025417126	0.023823853344796805	0.055845688776340684	0.08150580920964846	0.021982517795276168	0.09227226024309511	0.06893911013401241	0.05270398133971224	0.0526394166738732	0.1950123822290737	
0.012467795353504155	0.02821678593367552	0.03365235810252678	0.017568249810307603	0.08730012355446028	0.05629019019807731	0.039927180390571373	0.024175450526294807	0.6799913901050159	0.020410476025566417	
0.08153630857745171	0.2805140898746021	0.02560541552980749	0.1519402497483633	0.00913544348041634	0.005340826764169102	0.11003981306805398	0.010747706316125942	0.29588744766394937	0.029252698977060742	
0.009020561263579432	0.0036760755790251056	0.009276197419916116	0.013297218176109205	0.23095875129018031	0.03559444165769678	0.007987869873559468	0.1752511048288271	0.15501865237557874	0.3599191275355276	
0.006521659308822913	0.007579013748362527	0.016837698351688135	0.16249134239584503	0.05623471269627132	0.05175123413115764	0.008117472260309766	0.4493950612941351	0.23158044298500835	0.009491362828399364	
0.02949481096353858	0.10806665691155612	0.00709861572074372	0.3492274417224044	0.03951407146992218	0.004748946147749699	0.053884628201332	0.3348561679890771	0.04716127285881482	0.025947388014861402	
0.04500681898711287	0.007220226633390855	0.01032487767445553	0.30241999085816157	0.2117229178333567	0.09339655369738784	0.07608592735072031	0.10918266665326279	0.014449978095959565	0.13019004221619204	
0.017263301504675883	0.10639571227922857	0.018316070265561143	0.39424630476127703	0.023419027077081222	0.014469981293532974	0.13835957192844547	0.22904820708545345	0.03697346976355945	0.02150835404118468	
0.009424154589570096	0.31697685742619963	0.009975077306813272	0.2513119191848445	0.10238672787421262	0.0033262437060432772	0.031165307203893943	0.07635732311786707	0.014196683390185058	0.1848797062003706	
0.006637232042892616	0.016707408381678134	0.1497028986903317	0.011343390650311393	0.6400976787447379	0.011698458775718821	0.056641639039587126	0.011564301844991041	0.08924707438334348	0.006359917446407825	
0.012984538112019535	0.026755560124177385	0.033039631851802836	0.084573649737672	0.014716087307865222	0.012005469061306416	0.08935991597179097	0.02676738712837246	0.14445646283268312	0.55534129787231	
0.0614114072576212	0.22217190834569642	0.006578438591968032	0.05950200421077449	0.21377842141580713	0.027003063737223977	0.06642087059335307	0.006015898655364281	0.3172402728952899	0.01987771429690151	
0.025534806041134582	0.11094524858724308	0.00819906563582486	0.04358327301909071	0.010737014464313955	0.005107177372011364	0.36120852028439665	0.3379697023034634	0.0424209345451203	0.05429425774740116	
0.018483129397995856	0.011866919264823684	0.4449785440817655	0.013878002235673703	0.020178144825884134	0.011548337717437006	0.029226492502946812	0.13226312368871454	0.03811691894417411	0.27946038734058454	
0.010870862073538287	0.006347132182822831	0.08796442063883632	0.25692942955132886	0.10799346458787833	0.01135666047422428	0.035008568795797	0.2697269176679326	0.010507940094468529	0.20329460393317297	
0.19156812493351513	0.051657282323938125	0.1158998627470392	0.0936103568666412	0.01648052502940649	0.03203264583308876	0.10587890315929933	0.1593954038207894	0.0339972052959474	0.199479689990335	
0.006336387564399502	0.01670697704587746	0.0253549941174627	0.1385375459338776	0.0038057269839835784	0.07685470589641154	0.4165625768893539	0.004002727537785998	0.11326693318019455	0.19857142485065338	
0.15086599594819333	0.37552119602551043	0.009065564888263251	0.016934120855609355	0.024737405042470035	0.013164498610561574	0.0527394651221236	0.005571921096519113	0.33375773871539327	0.017642093695356076	
0.016868650714900835	0.48620993239907667	0.004851491534347857	0.12239437225309925	0.04027931969214033	0.004966941320532827	0.09286257065261666	0.005117451605597245	0.2166430610791907	0.009806208748497672	
0.014261881972064194	0.1306587203006583	0.014838320310229998	0.022658509282432873	0.18777015044077525	0.013969823986945691	0.17870630180776467	0.2086574489251578	0.1817348388394436	0.046744004134527554	
0.274832768450216	0.021271273514207427	0.007241673508528817	0.019760210663345608	0.008442625514667696	0.014756896167647427	0.5345059644862202	0.012738238056460191	0.07932518539575031	0.0271251642429563	
0.017429921098585266	0.020294385047772312	0.06428079194125651	0.01300295787627023	0.12723123330586436	0.00313139309390826	0.08402332586054617	0.5823769563972395	0.0031592992737710804	0.08506973610478619	
0.04496351008488633	0.06399694762561173	0.01684209310246151	0.4863936552787525	0.014542805859116105	0.011690311290753264	0.07942078508527368	0.05475839690012333	0.17643742077588456	0.05095407399713694	
0.016783026500996296	0.004069670003749258	0.005576518820037534	0.19769687622014392	0.0967646479845574	0.011103521379531163	0.016389757571084015	0.5510187083904835	0.009136645226025636	0.09146062790339116	
0.030515090930542572	0.023328347847481886	0.1205069675739576	0.4404919604950324	0.03785543755062223	0.027214257061706694	0.04060704550803172	0.1908578053825596	0.04825111113724945	0.04037197651281607	
0.015040645775972961	0.030919296341045902	0.09507294912870652	0.08554779180901075	0.2552935328297383	0.029103139813903348	0.01599225513108762	0.23651121657644827	0.1661943706119442	0.07032480198214218	
0.09202327887878606	0.06557471143212253	0.021409937062150566	0.027672970804366412	0.05402610623268063	0.010149319639720397	0.06372124195988768	0.4400400782281289	0.1519585912063714	0.07342376455578535	
0.006140853523224948	0.008033443454722997	0.005492327293329854	0.5514720015474792	0.13284357764378876	0.005821998913030817	0.1099976330665017	0.10641853992013484	0.03813699449435139	0.03564263014343553	
0.09549494848290019	0.011822106243484178	0.07543872252266152	0.31415320989693457	0.03343248198154001	0.011427143125413129	0.2142068601871308	0.018578118184686902	0.2069487390855522	0.018497670289696403	
0.042288226420167434	0.04530792896760911	0.017271913897129086	0.36990671247769297	0.014514923399185664	0.028387510219548665	0.18470881693031624	0.0382321069167219	0.10974471063071067	0.1496371501409181	
0.010047321523627513	0.10642011804136398	0.003421056921800843	0.18973779291096676	0.024697180882342042	0.0361335394640265	0.41306291529138894	0.004739452693379329	0.008208677705225076	0.20353194456587903	
0.005010744694130898	0.005985952180239263	0.009759265075974764	0.02864318350969376	0.08035677095899382	0.007875358483798932	0.32164920608806985	0.31324048290172457	0.0945060880305793	0.13297294807679474	
0.1325041479483855	0.18896449197816517	0.012345288419825903	0.024653535200487908	0.08749805521698281	0.019784805765555278	0.2552526342835632	0.03791168459598026	0.1739674976204657	0.0671178589705882	
0.0439485848583418	0.0101649841543125	0.02187992950107342	0.6352376527999914	0.1332558934743284	0.020630145861167765	0.01171028027119897	0.0941160463476531	0.014595670987353296	0.014460811744579282	
0.009549407971135864	0.022736932787290005	0.019510218681246035	0.005560276473925549	0.007427549445168941	0.3038859155834055	0.007206332385432254	0.00584275653275849	0.6122031394765558	0.006077470663081557	
0.008036999088060643	0.06625069718672033	0.005754405151423712	0.7525339134236043	0.06494560165221801	0.010658925014204686	0.015273798722669056	0.01984618823925674	0.005266517843106382	0.051432953678736196	
0.03207829864874367	0.5279916181446564	0.025995531972892092	0.009940321821624928	0.004967676937983185	0.007502716741969602	0.19026477914103843	0.007334992392103369	0.014270272828309921	0.17965379137067833	
0.007443346063730749	0.014439156470638988	0.0029941392196836778	0.0461800121476432	0.014918968344726865	0.002005396735479754	0.2957142779518929	0.546596563724442	0.0028077534415544133	0.06690038590020751	
0.05959363306178407	0.07889782146409567	0.007874646129280178	0.07323113113265563	0.010888774236531961	0.006467803784935069	0.3597073499301108	0.0074722790243327555	0.3543221232930424	0.04154443794323162	
0.03879449827795048	0.06365318410806033	0.029346540712021002	0.2086207597151406	0.012397599216012977	0.0207562562826284	0.013185244843408264	0.025697246251653056	0.529917840985791	0.05763082960733382	
0.015886733699688765	0.05917725027502316	0.03095803826121038	0.027494576164915085	0.022582581075567952	0.004076384417364321	0.006914412615330245	0.012487784322536161	0.05690488112874436	0.7635173580396195	
0.17385844075001947	0.045013154845015585	0.03898735622900183	0.1299516815696515	0.23455522707074367	0.021752237274600714	0.025931641587137528	0.04199871608139978	0.1958482566543482	0.09210328793808176	
0.06545958377482465	0.05277703874652075	0.006939568043767737	0.14949511374060395	0.5206712875565883	0.017846442177304803	0.05230561719304537	0.07532886088236801	0.02383786935683513	0.03533861852814118	
0.05437523723879868	0.04977615495046512	0.02452924406329569	0.05050617650103512	0.31949776912173944	0.031687679924776814	0.16519515329313722	0.03640292966540013	0.23082575802914923	0.03720389721220252	
0.009104804972585753	0.06581788299960052	0.007644349926907388	0.034261739771020434	0.14365943943310078	0.004530204334589966	0.45906866887611303	0.24192898699838636	0.012615301909387795	0.02136862077830799	
0.05052590146359025	0.06822680720205183	0.005957978415363811	0.017349118102179203	0.008543195214301842	0.030945760256574775	0.7360211928792402	0.01374550013429761	0.017777835870528686	0.05090671046187157	
0.15817703025199217	0.5273887969864075	0.005582146281640031	0.006940094480296485	0.005594626594634288	0.004811026629827733	0.1320765610521741	0.004564745595403745	0.0745721549832343	0.08029281714438964	
0.020531570880683584	0.015870865235713336	0.024125135338856095	0.1801762468089439	0.19449412296121205	0.01695903442297771	0.024420480739730556	0.45386679616338954	0.015753241585941418	0.053802505862551656	
0.12841030808207646	0.009969627845605844	0.07477378343075498	0.013756373823750806	0.033183705531851244	0.06471954237254161	0.013257094851071847	0.020297752142997404	0.6276847716829758	0.01394704023637395	
0.10553582775675026	0.005439908234677279	0.0037386184751836997	0.24814663529011977	0.003938514363308831	0.008967615538038893	0.07513573345335887	0.21660917684344225	0.06560576615411429	0.26688220389100586	
0.006719376603410407	0.053266772573058514	0.018666201702426315	0.48375201832481685	0.3071481560113091	0.008700517084389703	0.005527143041899116	0.09615026059633912	0.009246857850524152	0.010822696211826716	
0.31821886101384267	0.06484006233262148	0.01739608704601884	0.010818071474536369	0.006359128994183904	0.02511279457349097	0.06723284894082827	0.4215850518129517	0.03303148504256218	0.03540560876896375	
0.04337797997263342	0.05355607014823611	0.011355178906456117	0.11303704355831137	0.15549574212914785	0.011279572898693815	0.025932747945980113	0.21126668429568193	0.3623388026597327	0.012360177485126616	
0.014450338661881312	0.19425641053324422	0.6702646119811598	0.015982954852717057	0.011670498782146993	0.006205236278223929	0.014265071003564436	0.017288431757593183	0.025897185863642518	0.02971926028582659	
0.07217202541522286	0.638644904541871	0.011854310682421853	0.028522154950116264	0.048178532027711725	0.1188852467111686	0.029387223241894137	0.01348881197886518	0.026259409525904016	0.012607380924824586	
0.03134194536001347	0.6588559264213886	0.007312307449061113	0.005800974796017437	0.006067654755108919	0.004798423677927642	0.22469778591830264	0.041631530045401086	0.006720171228491559	0.012773280348287492	
0.004301984429421758	0.010536784498451053	0.012609847175633668	0.23784123150999534	0.0932566710810374	0.04327561811949284	0.16460292307540464	0.11758889810444208	0.19641270448954248	0.11957333751657877	
0.0660805430714326	0.05884106981698943	0.05636304435718273	0.10995935997149305	0.0030092655484660696	0.02025692603079761	0.304350065805059	0.26373034310643534	0.013025559356564421	0.10438382293557968	
0.007580082230762062	0.02790871138670636	0.02717934470453786	0.014039942639742366	0.004088132289221018	0.02114588476850027	0.019071716931398357	0.00867808220699239	0.030584010389578184	0.8397240924525611	
0.04577219406813458	0.2515052042109964	0.035570238889001904	0.017174052883712185	0.2135761774136128	0.040227040795458406	0.10042147379805451	0.037607387446657724	0.20807212718801407	0.05007410330635733	
0.4213694358542702	0.07287191643077645	0.04280801990311687	0.012360745733458656	0.010308262176846683	0.01438335525529727	0.055580866489668215	0.014154049008846727	0.22587886297411305	0.13028448617360575	
0.09730971884189303	0.021177174980338793	0.005266485652730667	0.025051341367449437	0.0940857929946142	0.005064815270962197	0.4342311176179504	0.1981529631067254	0.09048869326802533	0.029171896899310573	
0.058390732092033625	0.07543693122998398	0.015503390696965371	0.3152441394112501	0.016043299836631667	0.006998274531563764	0.017427270551573205	0.34686390871147676	0.02201002208994755	0.1260820308485741	
0.1	0.1	0.1	0.1	0.1	0.1	0.1	0.1	0.1	0.1	
0.2877520443182314	0.025704442732109294	0.025356417634616685	0.3617034008951626	0.01497961748713406	0.013017919790526532	0.10076857315568193	0.09058087919190837	0.05993456513154314	0.020202139663085893	
0.01496103955419091	0.10314918951485233	0.007921781265049515	0.38867603273852014	0.06959388502254182	0.006843355239487174	0.008528118819202835	0.3135013756976089	0.03292045339402982	0.05390476875451671	
0.03330074831317903	0.0763523201930733	0.06245235507642005	0.1131177483005995	0.013829906381211168	0.0070414787602985475	0.016166868061250332	0.6476414111130016	0.020439568238736886	0.00965759556222946	
0.0045127062552566015	0.03700244585812506	0.019629019938732527	0.16735678631023287	0.2057220432119134	0.008521826804277294	0.04557421842418416	0.4852568110269184	0.005014302634060121	0.02140983953629954	
0.055227720263681175	0.2608447124876056	0.0049764087568411955	0.3966040720696526	0.1720313653037271	0.03307675806750538	0.015486584974447876	0.007100239358806909	0.014139394771325905	0.040512743946406415	
0.009481096437812345	0.02334653235761884	0.018887978945353892	0.3041785949678958	0.16282534930446144	0.010108669349593768	0.33937599098170884	0.1155208930886681	0.008390418654900233	0.007884475911986853	
0.22145260868750336	0.41457504602433326	0.04371458117244383	0.11631759942925901	0.02549503148698264	0.005268569900001771	0.018522576851488552	0.1053604458964017	0.027967067283938784	0.021326473267647122	
0.005294490680441762	0.006200617250046394	0.05980700574770155	0.11703287580838038	0.4161250403823047	0.014831062382615246	0.18341563959890836	0.12444875580102199	0.023562916934664783	0.04928159541391495	
0.018676403743708363	0.09495536344644408	0.015001673875590784	0.190857588322229	0.05057617524881932	0.006965078003025309	0.0940212883289188	0.2833416811936308	0.011905237991861287	0.23369950984577229	
0.035558276006864065	0.07594241308818951	0.00686346016595928	0.01607113251855827	0.392966958965701	0.010009304638073351	0.05828161701458087	0.00833529282214284	0.38106997718076285	0.014901567599167963	
0.09417755332666004	0.2627768056503645	0.011823508459974862	0.018782968309378013	0.010494867639912836	0.0256724271413362	0.5166825330205115	0.015031256727582772	0.022795805853326256	0.021762273870953065	
0.03753005580419076	0.12302592843002351	0.00494802309349328	0.2819227063702186	0.11201398687931377	0.003024686679718997	0.19833796189382777	0.012494818211253705	0.1538876191537357	0.0728142134842238	
0.0053995293891352615	0.005548179952050522	0.05427481573029543	0.3458644883733451	0.015601911349438448	0.008319082798542602	0.09187309074061356	0.4564790089019449	0.007650937125042139	0.008988955639592016	
0.0867887204346653	0.26850733537598953	0.012964138301572987	0.12153612567930412	0.014821574414258725	0.008908492623878569	0.017337875358555976	0.004737236360195862	0.008118557685037706	0.45627994376654124	
0.028707794966799427	0.025183433314672692	0.014428449159105704	0.45418845896902604	0.1624687673027623	0.04036747998347113	0.14352970838268486	0.042935730948091354	0.06665429965141903	0.021535877321967586	
0.020642584375596573	0.009295875789871252	0.009398828357491661	0.25525455021450355	0.00266862098058295	0.0024694123221667267	0.043975855408428355	0.44430446974301463	0.002630667078088897	0.20935913573025552	
0.010916273454355137	0.010773796283417314	0.07477387453854324	0.11669946172618707	0.512966395526089	0.008123539999773758	0.13854854381240753	0.029881457211583667	0.05941998066049623	0.037896676787147164	
0.12957200740979952	0.009614196369015511	0.08942508570470852	0.22732706573054587	0.009228952398626304	0.0161054710301839	0.01435727644567198	0.34255352507189757	0.14710906716534441	0.0147073526742064	
0.017520265238815953	0.0042726493613111744	0.0050250817647737	0.1302474808178496	0.005356958002197736	0.009015579672191524	0.12014976647989813	0.5634981928009194	0.013664900811233555	0.13124912505080932	
0.005247220095933124	0.01525737607010937	0.13192348281996924	0.03222960756002627	0.019159138299331413	0.004337436273432829	0.008247028098656925	0.6779982861471762	0.07959964663848851	0.026000777996875894	
0.061301771960361205	0.029912322828600253	0.0048711913135770215	0.009916246132408355	0.04661421107372146	0.011550391371634333	0.027655213799548935	0.11180311234135491	0.3670485367297416	0.32932700244905194	
0.06272982553790375	0.021538038989577086	0.031488916266628544	0.1650442005749482	0.016244121993787226	0.04263550828894321	0.02470201311693601	0.36312527452361365	0.019358425060351583	0.25313367564731065	
0.0085938259302322	0.3941529642081962	0.006684567004989412	0.008790627273933987	0.05200501764910761	0.00480873408050898	0.018985486961286643	0.006840066995730658	0.4893407377556026	0.009797972140411709	
0.020058313250492697	0.3309481899755108	0.011618935609847746	0.22699272566165682	0.08766918796884879	0.011696754001644228	0.2727031296691651	0.0073854912582980254	0.009923079787309295	0.021004192817226566	
0.008591619146033522	0.004352027781330669	0.015541857065955707	0.020647081584580004	0.17977456885224097	0.07610182213076498	0.047700842635613055	0.28201790613774347	0.2998984611486678	0.06537381351706978	
0.010464115528443863	0.3376386705884938	0.09468707382894136	0.08050572241242737	0.19508893560790144	0.003991542826929443	0.08136789431630836	0.006559101392701594	0.16603316524605372	0.023663778251798908	
0.006080952220108892	0.008421466183791151	0.0062544322312076805	0.11747060884943522	0.01969793376389508	0.7135799769337355	0.012888595315646425	0.0052195748277395985	0.09387755758530163	0.016508902089138775	
0.026837679160222075	0.20702699784468911	0.007348908616106245	0.012601763218004243	0.03626800730304782	0.013455909448813919	0.07556629409762732	0.010023478643080196	0.5638733902533718	0.04699757141503719	
0.1353694131874949	0.08123488391417891	0.0865234926563992	0.08263772774241555	0.08223285090494457	0.19726651089007588	0.08332888277286546	0.08313811309983356	0.08076063332980017	0.08750749150199193	
0.1846724280772285	0.2589228443844255	0.01486955704331502	0.029329484778382185	0.03698872133192004	0.010607044181247064	0.05620204788755745	0.05295294700017114	0.31735664117831497	0.03809828413743807	
0.02584651820652736	0.017388192386413665	0.030980060724931455	0.35891223260473226	0.02708415735326858	0.24224402073075071	0.08985925021234761	0.15355183647934062	0.02699706955621473	0.02713666174547301	
0.052044785822277055	0.009577887005651117	0.04747343662154086	0.17112325043343543	0.004989036652796072	0.0072925060148504636	0.06182783545967269	0.481171492755487	0.005660936232791923	0.15883883300149745	
0.09013078367578294	0.041706211485922004	0.04581415379281271	0.031154236404840337	0.34165907857384714	0.12209487853042832	0.06457281680531031	0.04476021674083968	0.08351027454003584	0.13459734945018076	
0.02932563777966507	0.047855795617723094	0.04182459172119888	0.009901259644560617	0.02430227187567582	0.0047930688551463116	0.012078952736206997	0.1895165005935405	0.5545834707123808	0.08581845046390198	
0.07960326453228546	0.004605260855083015	0.08113450349034708	0.03490285009739237	0.007987404044972935	0.07396512496506487	0.008166441529007615	0.31648169709477436	0.008310399236398435	0.38484305415467385	
0.09974801271801545	0.08976129369423975	0.010379640554493278	0.329630139182429	0.09773722605310917	0.010124603402872256	0.010398919118361705	0.28417467607254315	0.052810175112479645	0.015235314091456583	
0.015655497218513854	0.22546853216486382	0.02635807994344588	0.16950992386375419	0.0653508091364569	0.04548919634064932	0.019107069086895412	0.046680710515650904	0.357617429223432	0.02876275250633786	
0.03418842421656093	0.061973880839009114	0.02220917616789203	0.010666417762206287	0.01688280748877406	0.008659851951445682	0.04790457869830881	0.009440101770795252	0.6963413936791568	0.091733367425851	
0.09925242682662333	0.2318454976758392	0.0246567434083115	0.053521873622055856	0.01878908183631858	0.009591134171602761	0.07111980480118729	0.11393711312766472	0.2758457411240482	0.10144058340634851	
0.01142776317193532	0.3888085793854444	0.01096360524759734	0.07983708130393509	0.029494021650983523	0.03519586879715439	0.019861120993847764	0.009111719941658119	0.3976231692175371	0.01767707028990695	
0.1681666451415504	0.023665659907681085	0.06421516998642621	0.3694625379515597	0.03390253685873033	0.019971418362185044	0.025065333630778192	0.2587784746470265	0.016775755435673435	0.019996468078388955	
0.21112878104885094	0.014878778365924182	0.013226616082184279	0.16237138482637567	0.05217260643937541	0.013310463761945309	0.13342500366343968	0.1290405754766096	0.06604732275256006	0.20439846758273497	
0.02146979050080083	0.1681561776245818	0.009361130462019406	0.20905188831365085	0.06070247263231396	0.006034361122265778	0.08050111104555482	0.16368293180214918	0.1607856057870561	0.12025453070960719	
0.1644142943856497	0.0070757587162019785	0.034744557800370786	0.004522620328597001	0.0028743299231410316	0.004190662443670967	0.2206111289725827	0.02428844201872485	0.002635475612097363	0.5346427297989637	
0.10163762900481288	0.394724932968213	0.025516293463496223	0.19113217271386443	0.012067778815190246	0.019693884081163498	0.10350206300771327	0.012188951096321158	0.11782592078304369	0.02171037406618156	
0.008783643483311343	0.15157550683551868	0.004593323908226091	0.15339264796433874	0.05239973435734983	0.004569904529779996	0.12987317346975588	0.0857088609442286	0.39146107768046046	0.017642126827030473	
0.004566748494680999	0.624046789965102	0.008377167339548675	0.0937400362605723	0.007924317637954564	0.005047235893842011	0.0086186909963946	0.006190858186252107	0.2358742053720913	0.005613949853561462	
0.00873558985428258	0.018422102543247363	0.007827977625151437	0.34708815100142476	0.009007870062788794	0.01834210873457772	0.28387736792725243	0.2846431249181876	0.012707271639948604	0.009348435693138583	
0.01993762469842376	0.024242311027691164	0.003434788501207397	0.029466566628835678	0.15836007033932728	0.004816119539319762	0.17117607792523473	0.557013477821969	0.014733652439298714	0.01681931107869259	
0.12094662614596463	0.07524559388306304	0.05297926907507471	0.04064481958948307	0.059247269639058686	0.13582526616894305	0.12925507722219082	0.0321853914220384	0.26134729045343685	0.0923233964007469	
0.058273813623111716	0.0541126898786388	0.008875766152778136	0.08658165953597093	0.013894363667188462	0.021723624366504768	0.00999429535381316	0.3910611164340761	0.32265409134504297	0.03282857964287508	
0.01477926969139883	0.01849142927240321	0.020778589123947585	0.36025802910495436	0.03636482605528353	0.011464230380289915	0.15013623122328698	0.14006154979938698	0.0824895707440362	0.16517627460501236	
0.036581731547177004	0.3427431936088484	0.004135269585255502	0.005305875201988247	0.0020382934241765954	0.020832957501439417	0.4722081108040359	0.0032877207074585436	0.058123618923164165	0.05474322869645615	
0.028758388622639356	0.2629352980657787	0.08201059627950365	0.1416034428792456	0.23964098081553037	0.024188501965484492	0.03822117057376923	0.06887333864354545	0.10198063812222276	0.01178764403228013	
