0.013102699050511805	0.006705125970005447	0.03482328883477947	0.11607772195373951	0.010590290761265067	0.0067050415580748425	0.11229671210711818	0.03201899967466097	0.5881866741000447	0.006512034530347728	0.07298141145945208	
0.018151985382784484	0.007797103662549525	0.013549812665008702	0.013875419738287273	0.020407522021337016	0.0077969622945378006	0.8569732418379453	0.011928266399751112	0.013272292406368713	0.01835599299166776	0.017891400599762294	
0.010311726696898608	0.005716921247639228	0.011046876480449387	0.04761561442918472	0.09382014353765962	0.005716992764392859	0.761625741343718	0.010742657038971119	0.03046223783103355	0.005819546701176889	0.017121541928876174	
0.0038518502870332197	0.0029719665625738477	0.2541683844277696	0.008308398983841342	0.06667962052260935	0.002971956492529199	0.0050358461931344295	0.032486110624078836	0.4205902893990297	0.06267819466811078	0.1402573818392898	
0.006791123264756658	0.0037618372024422514	0.051834154912924695	0.3408084715564399	0.0484303868492148	0.0037617396432313276	0.46507375257845307	0.02255940400761143	0.036802687179040144	0.008646316378672865	0.011530126427212909	
0.011603854688779872	0.0062747355872722465	0.06340943238288771	0.3704166505892429	0.012390374757534624	0.006274659605850022	0.477746862120966	0.023254671060494253	0.012847838802698998	0.006417396374921184	0.009363524029352277	
0.0033676394568912626	0.0017855572039736064	0.1331656608481099	0.006591550262394376	0.003012100098606177	0.0017855714392602758	0.6156315996305757	0.02687020722503083	0.18854256915786813	0.002048777002789672	0.017198767674500178	
0.12340310861645291	0.00836702815547321	0.2315144601186382	0.026092960172271418	0.10410548504353438	0.008366885632166659	0.4403648874670836	0.017645591882620607	0.016424451666417206	0.0117521767545185	0.011962964490823317	
0.06473959441976936	0.002881026200724375	0.005073074063109332	0.005148301436060073	0.01560181562555282	0.002881004918910189	0.8356188648723121	0.023701734667193792	0.009623822197759946	0.01835398404424278	0.016376777554365417	
0.03793862210440564	0.004595365675621419	0.04084673676639096	0.5895083514003354	0.012391773921252507	0.004595267184957166	0.05484359410683128	0.010289452249342721	0.15257116347994887	0.08238957692699934	0.010030096183914624	
0.029495685837250804	0.0026287750391490896	0.1100541437734559	0.12511982042311648	0.003513638414286632	0.0026286875518194805	0.09268708115516064	0.022458330583479676	0.51846545526542	0.07150546247862516	0.021442919478236257	
0.011301657690516907	0.009000683141592972	0.09235429828340128	0.0176271346499101	0.029460377183219803	0.009000400569476721	0.023080352410268665	0.38174644149780074	0.3981159298953045	0.010980489347774717	0.017332235330733716	
0.004428467340206647	0.0020475527852204557	0.05541516808510638	0.0394619480604157	0.004019386860176762	0.0020475259364014313	0.14427890648252972	0.0044871971494259075	0.7117544238408606	0.003935532368612865	0.02812389109104359	
0.06365371112292695	0.010753636111374138	0.10283612393284505	0.03528666166086752	0.024808949677421973	0.01075380234083816	0.2182578808263603	0.21878351304251223	0.17427268413944158	0.04993729384063652	0.09065574330477547	
0.017159165704675176	0.004206181478206287	0.20208148880156984	0.006439623314625424	0.015040856679177752	0.004206126839052389	0.6945769566142538	0.014973637156220828	0.027254860632550528	0.006213550508776312	0.007847552270891506	
0.042868702527474725	0.004047846352853137	0.005350614966278101	0.23011149977083073	0.09413885631936718	0.004047794990882571	0.4805242741732138	0.009380927120844026	0.08793651419884083	0.006455874625707119	0.03513709495370782	
0.10793546055669685	0.001746893989715237	0.4389741608449053	0.005323989218842714	0.017146322034329788	0.0017468925471846137	0.22238152134728117	0.025336074601290847	0.004822640744099531	0.03228031214236978	0.1423057319732841	
0.0882716577998346	0.00401903376654384	0.006383151133680362	0.1756187648701476	0.00795789821297033	0.004019124607010536	0.4890582613934275	0.008029176560677807	0.052706735161033	0.0071399769241746675	0.1567962195704997	
0.004811923020447905	0.0034998504208261674	0.02745838100607267	0.07825499264026572	0.02303117362237297	0.003499836635873784	0.005396288200336095	0.01092367460114716	0.8301449942411973	0.006885590003594644	0.006093295607865795	
0.007494428477007042	0.003544028644677972	0.030077910478173348	0.02195063435446787	0.4227498010851975	0.0035440126344634176	0.04788729689406191	0.4407132525690598	0.00527413316433551	0.0050465310030563554	0.011717970695499465	
0.005860279426384147	0.0033629840984476115	0.21686302568151036	0.01362125061041013	0.0044240297666505056	0.0033629608287191956	0.00621020962634597	0.004271331532361738	0.5585820664141407	0.15499993836605055	0.028441923648979035	
0.00615343046622226	0.0031349819877781087	0.006846013702172554	0.015959449622567304	0.9165051214520923	0.003134965468513372	0.02693029711633385	0.006794794229384048	0.005168316568466115	0.0039009151183323093	0.005471714268137866	
0.040161257863634656	0.006773245367841915	0.3283457653519353	0.015174132465371953	0.29191785930510433	0.006773215728107941	0.07324812460331344	0.20865410803125367	0.010379062563881023	0.006664991049953665	0.01190823766960226	
0.17933538581687936	0.0015925650656254955	0.002582506700014522	0.0033910155197717363	0.006506660094893813	0.0015925314014078164	0.794671782742156	0.002089862179721459	0.0025240341495077947	0.002453254022605905	0.00326040230741595	
0.024423663364959006	0.004576326626981633	0.007224708523604462	0.038046341962233506	0.02222545305431718	0.004576275484532308	0.026441949120375553	0.01316595776354615	0.8473111284401001	0.006091827722202492	0.005916367937147759	
0.013831305733605295	0.008884602459513334	0.19091567608440962	0.04775605771380849	0.027529943480297768	0.008884073132711025	0.10955257872154552	0.01146199867069397	0.5308422520696332	0.007978861324019693	0.04236265060976198	
0.012863116250183581	0.011877934009496468	0.012513883900686142	0.2765214525519874	0.27289686580155403	0.011877880765205804	0.015596909490958969	0.05551015206011517	0.20135985456085215	0.01474569616882496	0.1142362544401354	
0.023422880657193734	0.006022812588753278	0.02777137555558898	0.04169490532091643	0.09445918656949803	0.006022693069332692	0.1037921958044779	0.5040737089401678	0.14694861752292845	0.016259157361241023	0.029532466609901654	
0.4024853042531501	0.004963327241737511	0.25711485325131206	0.02617693427308307	0.056399877273934494	0.004963280951229998	0.04768655031495114	0.04639655122446252	0.13548531217922358	0.007745227262830405	0.010582781774085217	
0.031997929332298426	0.015450492352419564	0.04526534152240842	0.2300315119535167	0.03808799418751915	0.015450328695453961	0.4195671913548388	0.02577549106672715	0.038880846636575796	0.013999565012653524	0.1254933078855885	
0.020543252713433224	0.004076943621300472	0.007680343623470255	0.04014379568084667	0.18098502711792028	0.0040768823579994265	0.05341094830225963	0.031834411652277586	0.19973526458882773	0.004666736687087085	0.4528463936545777	
0.009790707536671113	0.0032837437734083096	0.06477168709783761	0.03198635773905905	0.0430076918485186	0.0032837471399066146	0.0431073411516004	0.0071522792866019185	0.3449103938337693	0.004111839002470003	0.44459421159015705	
0.0047858642589651435	0.0013012163195111949	0.0015315674005652526	0.011380785479995511	0.002096104887892354	0.00130119802611063	0.9693483133737578	0.0023726383806742415	0.001678592784704378	0.0019686178918372267	0.0022351011959862517	
0.006853782397724007	0.0014633196807118643	0.012034164249815118	0.0034439354528259755	0.004592338705760547	0.0014632916815418592	0.005908188860747591	0.0023335156860309334	0.4621474858243991	0.3837860420364199	0.11597393542402312	
0.018890093829810637	0.006967156242923625	0.0076558199257380265	0.5530530007084835	0.01549567813914108	0.006967088880119112	0.3184653228084965	0.009995200401771103	0.04553159128673458	0.0075031856551322175	0.009475862121649588	
0.007965473985522564	0.004744474302193444	0.00990780441721934	0.3056160262914871	0.06584965031246909	0.004744366036033362	0.4420471791840155	0.012215826667277404	0.00755898553880431	0.006148812229851401	0.13320140103512634	
0.006825869222297619	0.0034532491019907546	0.11707449255934571	0.2645980322442067	0.009609003123760418	0.0034531795433497213	0.08848228760978513	0.014744654468281743	0.4711448614907978	0.004815590731409984	0.015798779904774442	
0.015426522304748419	0.00392509366791849	0.06402347044950493	0.13245182861119345	0.13524122235063205	0.0039250340685075295	0.37485092923300595	0.015147607835084316	0.011111187026976414	0.07311277211895906	0.17078433233346935	
0.1473257120682186	0.005518954973416279	0.010510990454262731	0.010408663791185511	0.3494024155882072	0.005518965517817341	0.04533373852541471	0.26436782420773997	0.13977981700316575	0.008058685526220433	0.013774232344351406	
0.0518827276301636	0.04038172007253431	0.35238522494259605	0.045098881696975165	0.08727912573798924	0.04038166720104209	0.061207926031395486	0.09364213922319181	0.13797211994550118	0.04358142755190018	0.046187039966710745	
0.29551438643260336	0.011345885482353048	0.014431865009407215	0.2232429653134523	0.021956491016000272	0.011345726642927897	0.04687252553139698	0.01592314299149271	0.29866708261367525	0.01114371617034644	0.0495562127963446	
0.1689530756614026	0.0029164631564718357	0.008525974908659022	0.00481263445265005	0.23221271817938463	0.002916435975056097	0.5422677282518337	0.015645252822589068	0.0034984214842001446	0.009077568473037876	0.009173726634715159	
0.008559182725093803	0.0018958566130272364	0.0660566481838557	0.006328088077713257	0.022222925599105752	0.001895827391793316	0.13213807116452875	0.004386038317733892	0.6231808521356162	0.0028250202827574283	0.13051148950877456	
0.014020275102448156	0.0034880324587798837	0.014810832973393983	0.039148382407269804	0.0920148974878287	0.003487978761960963	0.5462003976480974	0.006555359732830761	0.254782118821459	0.005865639854073137	0.019626084751858112	
0.04011492441623169	0.0037130264373740457	0.005814808350721143	0.08013179172410262	0.014005003077407353	0.0037128859855108712	0.3407706523680406	0.010415408426626456	0.3262062421811029	0.0053652317617728556	0.16975002527110944	
0.0281032160655872	0.0025202957453831264	0.3409186405054383	0.1423135137989653	0.14109148218399645	0.002520282164093079	0.07423649240987412	0.01034715215702881	0.12071598030021012	0.00458579207477332	0.13264715259465013	
0.21834059631756578	0.005490219125201018	0.2110337692329925	0.1553852430470508	0.019549550270028936	0.005490209536741038	0.08890544729631211	0.021720395216339932	0.2505114605275351	0.011416639386786703	0.012156470043446109	
0.005285954723421814	0.002792557395341727	0.06303819357063298	0.15569654864920662	0.008861372308661802	0.002792525941299817	0.021862061275727214	0.04752786928332158	0.6156126765008066	0.0044802974161715255	0.07204994293540821	
0.055826557585124816	0.010098811536979054	0.25877280415158	0.03068351612411531	0.04692166261361889	0.010098844761744932	0.35611071480568585	0.05178100131708043	0.06160975710385372	0.014987123419898518	0.10310920658031857	
0.010155126552617763	0.004305669812513011	0.00932604950132888	0.05701419515041878	0.06304907066822686	0.004305595890475793	0.4990069302671181	0.03834558660104219	0.287486917773844	0.0064669001940424195	0.020537957588372156	
0.02903424453807736	0.014144695156136148	0.04499540965995768	0.05564581927352856	0.15659811876665647	0.014143737895194958	0.5529221990793125	0.05812117712261475	0.023476642137026882	0.02861357889232998	0.02230437747916472	
0.2090341198849447	0.002286274999942813	0.017862717132272082	0.005340972590082242	0.08085066150757907	0.0022862553738794895	0.19500578514696412	0.3475626056210612	0.13027278830139324	0.0031350909263475083	0.006362728515533601	
0.0029221356488506383	0.0010894586216118796	0.03773683261139964	0.014346376465236885	0.28385532223306537	0.0010894524086289433	0.4114100798184045	0.011837105272123932	0.02040182842861945	0.0019770105989774223	0.2133343978930813	
0.09561937058465583	0.004089518028682866	0.022828677287695692	0.10261639286447559	0.11898572128967562	0.004089529152367775	0.08160675448277001	0.007263105671402665	0.5404955649831793	0.005325134619785817	0.01708023103530891	
0.0037898661620526367	0.0018988149498985394	0.34179613594844227	0.19808997129618405	0.005725300920606367	0.0018987541696401456	0.09627328961422389	0.005029633973627468	0.25803053582904417	0.0054976569541343254	0.081970040182146	
0.1796095837511801	0.005651730835789577	0.00985544859802505	0.3987213962885271	0.31185248350161743	0.005651615701958107	0.03176604752290396	0.008398510664190026	0.012308224554421696	0.007362100160722787	0.0288228584206642	
0.2977554372359643	0.002936751221545903	0.009053437232603812	0.0064559110141629164	0.563167170418509	0.0029367385433074615	0.005767018481261442	0.010187594024483642	0.049715444906925706	0.046734963266717555	0.005289533654518215	
0.020607670019023895	0.0035609491815343387	0.006654125256786861	0.19394414473154986	0.08345854843186547	0.003560936657563576	0.09915508267178638	0.031934916009969665	0.32852426872228646	0.01785552722199531	0.21074383109563835	
0.09090909090909091	0.09090909090909091	0.09090909090909091	0.09090909090909091	0.09090909090909091	0.09090909090909091	0.09090909090909091	0.09090909090909091	0.09090909090909091	0.09090909090909091	0.09090909090909091	
0.0310120943340872	0.003085499532882723	0.07415932062289977	0.006351951109982317	0.01095940433156311	0.0030854549972393936	0.7751638726672102	0.01274490001039329	0.062451232923667256	0.006123527090103915	0.014862742379970779	
0.007418195735842372	0.00344063753033477	0.008053801461947481	0.6243728960022541	0.015805630239807137	0.0034405976343630995	0.029180296444529158	0.009193166572352621	0.2773856979888605	0.009763741561212624	0.01194533882849619	
0.09643064935409779	0.009389617464926532	0.0751940812871086	0.17232772175551536	0.4478233260584298	0.00938961877262068	0.0673072724335401	0.016642916955201686	0.04176674207592699	0.012192714109131426	0.051535339733501016	
0.023817254360841898	0.0019237917822187436	0.18988341979298334	0.14941859362862933	0.016400791305843192	0.0019237811428520807	0.34026868852226455	0.01085131549211762	0.1443213487535589	0.003119948026976117	0.11807106719171423	
0.03776178337660944	0.0047989431657071676	0.006983084686173141	0.010536258669559607	0.5161083629853372	0.004798927700390608	0.027709609291965892	0.017544567299144442	0.35201143779299615	0.005440020531737686	0.01630700450037859	
0.08355635706222023	0.0034875315180554057	0.03379825586817129	0.061471555253983255	0.01582858898154813	0.003487461107577667	0.1599703183972348	0.010597720307508591	0.5786537924519478	0.010822420809380222	0.03832599824237268	
0.2515288616074094	0.005280014610183725	0.26127195410586956	0.18982941353759128	0.020275442933768963	0.005279881280490508	0.09945490769472823	0.009895690160563131	0.13462436143156495	0.011276214218051273	0.01128325841977898	
0.01876308067708688	0.012225707542182877	0.1895090617093022	0.03821049248096917	0.03280831593661441	0.01222525036549858	0.06199238703806108	0.039192078134446494	0.4049399395536091	0.07519860150962308	0.11493508505260616	
0.003776728212376645	0.00290502712600751	0.3579092196608398	0.005069751280996043	0.06727803714151984	0.0029050107943568563	0.007580139253143943	0.013216331458620651	0.24164081695640752	0.012852792933291208	0.28486614518244	
0.11537395665713698	0.006569803242873041	0.16219016992925397	0.016723934919923366	0.048796723830046844	0.006569845245111131	0.14662824068149546	0.05385011121603829	0.42221738133264375	0.007891806708324931	0.01318802623715225	
0.11638318419479099	0.00495796639611777	0.011143810363038308	0.11786484443374996	0.14376610086421626	0.004957874851526658	0.0725994192439636	0.007907176178271176	0.35567377685950874	0.10368589259380546	0.06105995402101093	
0.03929750163947711	0.011951105220954349	0.5860554332172881	0.06285693178085956	0.18592601445488044	0.011951006207762486	0.016065752978323765	0.0237573464782252	0.029659934131619055	0.013405209161083087	0.01907376472952698	
0.01668459805364481	0.0071613698454836205	0.012144230531806688	0.009745892833952453	0.009845553665878512	0.007161271762860331	0.011644786658618823	0.019533868711604025	0.022137484078063676	0.00888939491709873	0.8750515489409884	
0.007020584510266999	0.0029103952160167484	0.2172160026251548	0.18162700820692582	0.005613223256439674	0.002910386540291809	0.007053858397286406	0.004260950117025882	0.47629131323965174	0.004105037732666265	0.09099124015827392	
0.006681999808639913	0.0032371984086201865	0.006962617289591659	0.00931667867131461	0.22030009593126115	0.0032371892706111196	0.04553418164163292	0.6840094822007857	0.007316971520590264	0.0058235724326927245	0.007580012824259666	
0.03434654643905923	0.00425973796233225	0.21514269420212645	0.23636771782396473	0.06545801416483336	0.004259667908256863	0.06021520576578854	0.04134738087257673	0.31845397346203264	0.004810725803380075	0.015338335595649259	
0.04350832629074915	0.0029702442450537402	0.003814691514925395	0.03935233353415838	0.010985658388459428	0.0029702608811762532	0.007467555101722001	0.03288753740964825	0.3084547908555345	0.0050072521450682285	0.5425813496335047	
0.007725114732806612	0.001737065531125089	0.03387891288647236	0.09483969336075661	0.013256342993288386	0.0017370260038175236	0.46316504616410525	0.13053552159383525	0.23916542740592536	0.002896168388889835	0.011063680938977713	
0.08252729296146684	0.08365340084327665	0.0861815542043639	0.08267349275213337	0.08635109774845853	0.08365363118752836	0.08407386300735073	0.14917597830999474	0.08248992762018126	0.08579805318802101	0.09342170817722459	
0.0048307523555079215	0.0036619999143885046	0.008656834244210185	0.010081422708260507	0.022134523247534003	0.0036619731674187948	0.24281597827195284	0.5612096525557646	0.1229391031193952	0.004666720599234506	0.015341039816332915	
0.14036044586617447	0.018691860729624584	0.02193305644762013	0.2784496488026286	0.3350954207083212	0.018691904244324858	0.02928903670490876	0.03169519402649257	0.045513066597462716	0.033179606654862887	0.0471007592175792	
0.010786102919838999	0.008127053092779621	0.018180121206378814	0.01590140901883649	0.8415320100948019	0.008127022142850193	0.015104438312911637	0.032448617015872504	0.01784515527307357	0.014370515600700198	0.01757755532195607	
0.00932284797309899	0.0031384660013344017	0.07077921965929117	0.030166689107925526	0.10531071542877025	0.00313842348038117	0.5941560273183839	0.09354998389816607	0.06482924783857938	0.01282821285786995	0.012780166436199123	
0.004468085073302758	0.002515500796002794	0.16951659509283412	0.008370061438274987	0.2349784160230604	0.0025154965164353067	0.0047118498893331095	0.027341402951774205	0.22228667714027892	0.003541179410753301	0.31975473566795015	
0.007419295721630851	0.003153140788900686	0.12913664525923646	0.02650248667578134	0.20635381897347857	0.0031531570092647233	0.00545610002216864	0.05992083141050756	0.4853356767926569	0.025863387236410292	0.04770546010996401	
0.08579207707057014	0.0029845981418952037	0.06238685592826882	0.08038854695515393	0.02813343195304463	0.002984599887935725	0.08526535729722422	0.014007235190050047	0.5580805145391502	0.03024409680415165	0.04973268623255533	
0.04153368181783619	0.003871492480455343	0.18436715737045076	0.043045243211553334	0.012485020476318458	0.003871405385195522	0.048168234914416484	0.08739217768479038	0.5080264879518956	0.014501523397678039	0.05273757530940992	
0.04221453906832622	0.01770121221634641	0.04176541845347277	0.12567963759908066	0.021864168754590154	0.01770007563452941	0.1261130674396322	0.02276370254656954	0.5443028831091736	0.015647703607754953	0.024247591570524064	
0.1347994876511381	0.0028859447510089986	0.32997192188270136	0.21010453141282512	0.007108995016161185	0.002885893380168776	0.11494834011036661	0.004309331436845929	0.07864631218956628	0.004220728018650075	0.11011851415056767	
0.03519747298361529	0.00466468267648372	0.8468948748646702	0.03793054320724289	0.0134404330704553	0.004664640849889166	0.009719505864105481	0.010295576176681791	0.024747442365335832	0.006536859595538125	0.0059079683459823205	
0.03295878880143829	0.0072263217567048055	0.01756234308655957	0.07722619614887413	0.01790895058022623	0.007226261095069215	0.05995528462970966	0.03513605763484166	0.07513809986087082	0.010536647599216655	0.659125048806489	
0.11038282890236092	0.005085543308806048	0.34715333508186336	0.052006413384782894	0.02385271987931875	0.005085494726538387	0.4045353911340127	0.024716290935979286	0.010337380741198283	0.005323358253000575	0.011521243652138836	
0.0491591087691766	0.0038597023789698807	0.012206676808937231	0.3025517046827037	0.010431650109657988	0.003859642234201453	0.13012861931117517	0.0055034888287135795	0.4590382230553863	0.004936574156066429	0.018324609665011708	
0.011378630132573033	0.007645361914665893	0.08866030130743205	0.024081885736701857	0.03825609323900104	0.007645302093970814	0.046784535876201606	0.033995602725265785	0.6014170412534692	0.022021953615599704	0.11811329210511917	
0.014294426365976488	0.00452310907263819	0.17229540246810313	0.11791245055678447	0.011800374738131706	0.004523089346110922	0.005640741266464982	0.009211194571531177	0.3264453789881441	0.0051130441255591245	0.3282407885005557	
0.21076761161083085	0.01183506304253679	0.013885435551327164	0.2834695181747404	0.1548029800228587	0.011834955035112508	0.034934629190074264	0.023745587519135424	0.11536738669896576	0.0556357917314503	0.08372104142296782	
0.004061154930469458	0.0020566070825521975	0.004148170429709085	0.34382637034585023	0.019146549644979333	0.0020565915699881617	0.17177952037804686	0.24224106608259569	0.16243309718096713	0.002637696104066009	0.04561317625077586	
0.007065310382528693	0.003724504020133555	0.0332019251097242	0.016706030034233474	0.16469035671750934	0.003724490933911868	0.7413231410299184	0.010720648087508427	0.005315549047122923	0.006844544809672373	0.006683499827736903	
0.048773143039305876	0.00365576521438682	0.15380103966793193	0.01664291802767232	0.019383051508929102	0.0036557433086466164	0.7120773714231678	0.013319757048729636	0.006421856955486872	0.004624625516441633	0.01764472828930136	
0.015693868935853717	0.01079429481328408	0.29499953327224154	0.02996756834155649	0.04797937916544216	0.01079335645081612	0.0890866311317493	0.029836050526211116	0.06538651447246804	0.02654166669431965	0.37892113619605766	
0.009390941356660989	0.006420649791739872	0.010870296819664105	0.6348422343588603	0.01733647722035848	0.0064206202779436465	0.20878071828206948	0.01666037232155565	0.020612007094663206	0.007826151109924044	0.06083953136656022	
0.0037625500905954486	0.001706548616615106	0.02195901888981574	0.01087797868093528	0.0027268093719631185	0.001706563422606225	0.005133692136339348	0.0027586422452831635	0.46013391250661995	0.4823276911988648	0.006906592840361851	
0.014307264975307548	0.005605892575013962	0.05637068194045794	0.042539406190593224	0.1534824744323619	0.005605719022094714	0.22085920516703905	0.04753899055186844	0.42379170821010753	0.007406085495613801	0.022492571439541878	
0.0033264704333925664	0.0020650295339887984	0.054050784984259366	0.011586492628756648	0.0052908864135980645	0.002064982236484323	0.016931522069324197	0.009997782244758018	0.8447169303808107	0.009473566581166291	0.040495552493461005	
0.02464312831567651	0.017005423195344916	0.026099754968628167	0.03152188550361963	0.032426133125283814	0.017004965049044474	0.12788256345314117	0.025071094207040446	0.6579815080602256	0.019732315182887428	0.02063122893910788	
0.007214383988330592	0.0037007628753924324	0.2950690065293345	0.01675475904115575	0.10149610358904639	0.00370073432719253	0.09099106240080329	0.025180902704851304	0.3824054107828888	0.006251310897681086	0.06723556286332326	
0.008266609883318028	0.0028812735596120092	0.060483206431902	0.10457800880438332	0.10901471639927333	0.002881245130718312	0.098138059860088	0.020580605150140548	0.4054647458550765	0.028180870590045915	0.15953065833544194	
0.005481524757971215	0.0032842462823748785	0.22007753950451156	0.011152009716362222	0.005713728470466514	0.003284189550421757	0.04416727757083056	0.005511953330794481	0.4696225187305342	0.0033579400210108153	0.22834707206472168	
0.013299079237757198	0.0070511147299160745	0.015703545529306247	0.368780100270162	0.18654604257729535	0.007051096106561716	0.0818360184371359	0.03035980435705485	0.26561129631438485	0.0072008019251414	0.016561100515284536	
0.06829896448804577	0.010892122724910277	0.019572667593171316	0.2458577604488905	0.04799147505994507	0.010891980801997294	0.21361205301687888	0.0251131034026196	0.31657458702532504	0.017282037905249972	0.023913247532966257	
0.012987870438268637	0.0031102871774453837	0.01437611306155079	0.5479412760579091	0.005342140907614001	0.003110269250153877	0.14697191005694396	0.04114617771970858	0.07638509416898238	0.0045023640718322355	0.1441264970895912	
0.005441653778324611	0.004668193016086233	0.04960449170061398	0.061870968456111716	0.12457543573963277	0.004668076080164587	0.017750123040657005	0.00607255205369487	0.39636891714786693	0.006370827546395066	0.3226087614404522	
0.0709367013052933	0.00971079458768768	0.11782930027332014	0.15003711739885828	0.02856924649136045	0.009710763836933171	0.47193999639145395	0.009829184684910407	0.011669801000422125	0.015270658985602049	0.10449643504415855	
0.0947445624844484	0.010009976544470972	0.22348211316174563	0.017607329541374932	0.07631761356882671	0.01000969815579312	0.01717229415221652	0.02512525946947243	0.49103454602407137	0.011430273266790901	0.02306633363078889	
0.004710355834221549	0.0037176311666900904	0.007433502145961512	0.006448640107575621	0.28014382391519216	0.003717589143679943	0.031107410524391022	0.6474654533877346	0.004943789570695632	0.0047012430988480885	0.005610561105009626	
0.16282568964560468	0.002808177151311438	0.03478718294670716	0.008121377589182532	0.008334399731750852	0.002808121750446165	0.11732542405378131	0.010806180155631926	0.6410289796642383	0.004653047916079698	0.006501419395266018	
0.0071460497165263025	0.004383428833013352	0.005117865456052378	0.10808256088101957	0.01010917391099791	0.0043833103087207856	0.6869391419976705	0.007774556924783204	0.007488665131760492	0.004864847438653335	0.15371039940080222	
0.0047048828791997075	0.0015836181526895502	0.06410336096859638	0.10868934384706143	0.0022849123257391744	0.001583587942623481	0.020917471348873225	0.002106478278605221	0.6269225482189372	0.0028616427581388587	0.1642421532795358	
0.012410457908751022	0.006566112027517591	0.019155077932042904	0.24078868336650458	0.046956924471076446	0.006566122789633799	0.5770469668493223	0.02325197778736364	0.009817092377824153	0.007725319376647524	0.049715265113315886	
0.023112421338705138	0.004490183290185487	0.06415767653510125	0.017756015507855712	0.6291309021728256	0.004490122382749737	0.09534575518058754	0.07359261113338957	0.06809609168550805	0.007124136467169423	0.01270408430592237	
0.0035257533873591807	0.0021302935758684433	0.014256281568273854	0.05087553572618769	0.054675731119233115	0.0021302467779448597	0.03237734570287039	0.004743527322799539	0.016279394137530226	0.004244984792083437	0.8147609058898493	
0.08634329508706429	0.012902073762125345	0.13308563087818293	0.0307087447275621	0.3409626601286737	0.012901703564326614	0.0873356651227291	0.015857507639175858	0.13438988044147773	0.014800898103105179	0.1307119405455773	
0.009907633562177984	0.0027822321971982303	0.5350361883205559	0.02024824211542938	0.014379629294704937	0.002782206586827189	0.1311565690906752	0.014974919293660833	0.22792969099736643	0.0031083058974171827	0.03769438264398684	
0.02700962108632761	0.01329053212233064	0.4277699782265999	0.14489993377467972	0.06521964366739837	0.01329047386566184	0.16984924252157962	0.0367901044985501	0.04133702259305168	0.015692131885791657	0.04485131575802889	
0.017358755829625438	0.004311317943437533	0.24337855954432094	0.4223000542678066	0.004900431549972053	0.004311274361036696	0.029589900914969155	0.004882133351075809	0.21328435180482505	0.004899974716585723	0.050783245716344946	
0.004642799754307396	0.002816011870951936	0.009668666228617777	0.5116465164970452	0.0048154080075176265	0.002815995187987607	0.43050945411927216	0.00925142404065158	0.008793705719464128	0.0034334851607070284	0.011606533413477532	
0.08912408062815216	0.003475848564255211	0.006370174784380639	0.3378425278901592	0.05535092524322405	0.003475760103107713	0.4448493410391533	0.012346121048026458	0.003982310483610531	0.02540157366735644	0.017781336548574212	
0.011271293637782957	0.010314074218915684	0.34005357960243116	0.014200634097140471	0.01335766307711943	0.010313943508609561	0.013483301595337987	0.012126816049437288	0.4991814914723299	0.011564703439155105	0.06413249930174048	
0.008584883010257276	0.007902946466629571	0.03628251526971566	0.019979010411137515	0.5105176588960071	0.007902877394981586	0.019609199101718554	0.34485251569549474	0.02239295768493387	0.01141703476661447	0.010558401302509433	
0.010425663903084623	0.002381261105707381	0.003923053345223631	0.16332286570560342	0.037128326613123985	0.002381228274384737	0.04174794137869915	0.015686908797447812	0.4559689664237201	0.004885470822371075	0.2621483136306341	
0.05056522284949161	0.004256644173844977	0.4280874416034607	0.0050587195965484996	0.006440108117539916	0.004256603110057653	0.009574520282720662	0.03225589985069194	0.4423263338268756	0.011396508364200657	0.005781998224567803	
0.039954055458280895	0.004609166572131685	0.006206741138638664	0.024855222248472413	0.029284652626477257	0.00460908445099006	0.04635300708225664	0.7626317253693733	0.012617771910014121	0.04692760850372616	0.021950964639638967	
0.03399083950088512	0.004602038760029394	0.3165803928146558	0.009159907031450814	0.2313959711413181	0.004601975302181224	0.13405956262479093	0.08234644468725015	0.15826469043617855	0.00801700479632683	0.01698117290493313	
0.5614404655614956	0.005652925345603111	0.013537300563459573	0.20916506881932398	0.10530414167351101	0.005652870136733044	0.027884303778291392	0.0125499332076474	0.031091711787087098	0.009860265303467357	0.017861013823380442	
0.01822893250175316	0.0054977498165712435	0.02474157188659467	0.011105613754172895	0.01434641521947639	0.005497775315226772	0.7097567353258951	0.18090542075725463	0.014552618090273915	0.006860029190517591	0.008507138142263747	
0.006839526656854761	0.004874924649673817	0.0048266172509118304	0.1841849254421699	0.006017186654145341	0.004874189933044432	0.7549364514797857	0.008539431603685007	0.0069435218936859345	0.005191481272218289	0.012771743163825124	
0.01535809713504461	0.002536402811325231	0.26774699390406026	0.09793785231909527	0.07867446149469605	0.002536363625862699	0.041657155750280325	0.043599336267326094	0.3092853173757228	0.00306295080644413	0.1376050685101425	
0.016625264452539458	0.0017900399315244643	0.004136043541825419	0.45329707099939376	0.03135323931329605	0.0017900221688612946	0.05501428595855277	0.004296840633050463	0.3411723789773107	0.0041938600167306305	0.0863309540069151	
0.013457947380519938	0.002605245710450535	0.0034658871164281765	0.011357404602652974	0.012740272981570804	0.002605212512956914	0.011159531093709447	0.03655186992628258	0.01198075304861191	0.010777077477460548	0.8832987981493562	
0.007818958794991799	0.005947165258553588	0.34428899065258745	0.029847420660916404	0.016833797133744496	0.005947136623663226	0.45316716606736124	0.05105772591214026	0.06494711351109045	0.007224156526940493	0.012920368858010763	
0.008165936046083684	0.006692297970560573	0.00993361977886149	0.26019710361444914	0.527234004440762	0.006692201364353061	0.12433365089962232	0.010066879088785804	0.010853490241579295	0.015424918295765939	0.020405898259176835	
0.005357060762055442	0.003457900852350123	0.07980953357545911	0.4693978236202859	0.08140558051079805	0.0034578401690076753	0.09218522878133334	0.008891106177965496	0.23900455436112897	0.008110807977629761	0.008922563211986232	
0.09448458665904418	0.003512409435490371	0.020152099223292547	0.03697882251444743	0.06088291787402991	0.0035123700248921455	0.03224558954150779	0.007617309733857799	0.5592767171267179	0.0041436550827401285	0.1771935227839798	
0.09090909090909091	0.09090909090909091	0.09090909090909091	0.09090909090909091	0.09090909090909091	0.09090909090909091	0.09090909090909091	0.09090909090909091	0.09090909090909091	0.09090909090909091	0.09090909090909091	
0.026537081052295755	0.015383068913397404	0.049642994845435995	0.1623481023238581	0.038679932106534656	0.015382749422170756	0.2348234428770492	0.05141246145543292	0.32173935191678016	0.030308451716808456	0.05374236337023657	
0.008888560997252498	0.004706118390514304	0.1854732243761462	0.007375230754647446	0.07004248832375644	0.004706009876651461	0.07650497901857281	0.00592673099640389	0.6178323132932177	0.0068396502969672885	0.011704693675869798	
0.040524403444781504	0.007664195639836562	0.034599268488200795	0.04074563199606726	0.010087309462659035	0.007663692897516151	0.0619349286525251	0.011660333398010314	0.7597666789451581	0.007678102312434756	0.017675454762810437	
0.009917369728858143	0.0021524550020568245	0.4721855191603617	0.02424855669565383	0.002804183978780048	0.0021524324601670535	0.004653306950107062	0.0029170725130992507	0.39847566669973633	0.00325507424111258	0.07723836257006705	
0.26358947419246337	0.003934158351246204	0.3217581325399219	0.06504320376323834	0.011740596820909428	0.003934093130580784	0.22848864482923145	0.0442992188159268	0.03963973041424069	0.006570753285632848	0.011001993856608083	
0.024411505786802568	0.006433292705459195	0.32362021947817177	0.317635133529391	0.007837478815209482	0.0064333134632436504	0.011682645286875697	0.008454286605321392	0.27574282590252935	0.006799280180790686	0.010950018246205175	
0.09183641191402347	0.004090593221372522	0.03893373760995954	0.0412273874289626	0.08572155967948346	0.004090516590927255	0.5555205690800072	0.008226400350130874	0.1584371040389267	0.005793445080600668	0.006122275005605534	
0.004825863074733327	0.0033407881651164365	0.5066218905866399	0.12006704162104884	0.023641783130915712	0.003340728130195755	0.01056764648327564	0.009926923135830625	0.23823472102164533	0.004465590033546743	0.07496702461705151	
0.07348242807932175	0.004940653235281878	0.03899481118394351	0.0766252929102622	0.012630705165099532	0.004940536847888279	0.06591414469305208	0.10710200736649525	0.46433414340816603	0.05465076580892968	0.0963845113015598	
0.014873955826924395	0.005523201392550429	0.39446659477692997	0.020851143239508763	0.4006225154435294	0.005523163545145431	0.11312237563758411	0.013104527437721693	0.008720373657590277	0.006061478284150638	0.017130670758364785	
0.07107708630563485	0.009073670384236437	0.009553453130749396	0.43248095296703276	0.019154796634734725	0.00907354558436854	0.37414494513230345	0.0313509106438221	0.012909036541118649	0.012758021148344881	0.01842358152765428	
0.044841994182515964	0.001547484305687315	0.14571408038248074	0.06137339963634718	0.08281753472645065	0.0015474649807643442	0.3083570273290831	0.004563628055605973	0.21119187372115106	0.002328852936864441	0.13571665974304917	
0.006413262458178755	0.004847848375867007	0.00907705558330968	0.07044442806685638	0.008064803599929862	0.004847837038404261	0.00774155847210453	0.006992225817795972	0.8660844753956982	0.0053263947124615185	0.010160110479393856	
0.0173645932231184	0.0027935737434068653	0.012577979512868792	0.020863537783082867	0.005596344567525253	0.002793550366130061	0.4107148671905995	0.01649922549360156	0.012637281567614851	0.0029897122558622483	0.49516933429618953	
0.044338695430068555	0.010896169491411178	0.20263980304261	0.049387983715541865	0.03720493880356133	0.010896026791258494	0.04856248573115569	0.03001313657134119	0.4969389145572347	0.05123043125268389	0.01789141461313305	
0.019383955763938022	0.0012180041154294704	0.0025180856313533877	0.017666054545955965	0.0033757530210830667	0.0012179977563630323	0.005309596911675633	0.0024675613949536653	0.9251505885887693	0.001694907266026861	0.019997495004451506	
0.025087261610627708	0.00507935066527498	0.5981078668440437	0.21335083024866294	0.05361627541700065	0.0050793059674232015	0.013971081684205872	0.011425957302777678	0.03075460471028746	0.009311457290760283	0.0342160082589356	
0.0077231274771356485	0.00299152091445843	0.007818948910362543	0.1138178303977638	0.18863027840992572	0.0029915050650996403	0.04311829914029102	0.011131871795707201	0.49803875848067786	0.11524665398644486	0.008491205422133089	
0.003785423343284845	0.002482177957822601	0.003443677522410263	0.023842280243767673	0.0059990607724108936	0.0024821466888238814	0.005521234788395152	0.007031552774691305	0.8463398943389068	0.015499677153238354	0.08357287441624824	
0.006255749032978771	0.003688686766743156	0.14271191411809733	0.030079461466868018	0.02160448492128654	0.0036886850631707773	0.06421501787868943	0.006305996240436845	0.669888197051376	0.021374448847503783	0.03018735861284932	
0.09798670445431486	0.002865730651541395	0.11624672117281995	0.03439939410062181	0.04268446852464659	0.0028657105645155385	0.0504825692772981	0.36327152340903934	0.13854720429524264	0.0327847621416781	0.11786521140828149	
0.027159826093984506	0.019317360896685978	0.01798923116320192	0.05737333308471117	0.018275619893789105	0.019319877163460588	0.03430150448810462	0.04590698637202363	0.5518013863211073	0.05188356544215327	0.15667130908077795	
0.3461711477637779	0.004343792678860438	0.10662216928412703	0.07168384236857095	0.15453148073124276	0.004343746923433822	0.24439692057178908	0.024410504632532647	0.007090112184907223	0.026912212892269076	0.0094940699684891	
0.025112508227387104	0.0034207469212046934	0.12181323552527089	0.27869576427873344	0.008432869077423947	0.003420709614686	0.5033999943524873	0.010097955696718947	0.028779262489935117	0.005817115252981025	0.01100983856317174	
0.004279822432484387	0.0036304498979113325	0.2666001887976753	0.018938224916927506	0.31005701803742913	0.00363041238578442	0.004505174344024384	0.00807472191318533	0.2963761047784651	0.007127556974199194	0.07678032552191393	
0.07974740646356283	0.0030415330180354793	0.5591879254536952	0.05291250840067829	0.08761291494697389	0.0030415290367301184	0.17207321268234832	0.008598090350373143	0.005968285681085763	0.0034241637194159856	0.02439243024710112	
0.00655438088069321	0.0031825414655343096	0.00908581284388902	0.006734547219671913	0.010128320630884096	0.003182527921754941	0.009435433163031772	0.9319833509244246	0.0048744673081184044	0.005471021613594142	0.009367596028403409	
0.0133518821765596	0.004012422409337902	0.11417304959751694	0.037812089540885406	0.2917796838365563	0.004012340114447957	0.4818375159481161	0.012511767343737152	0.007266616090115115	0.004445268762896637	0.028797364179831142	
0.08069203102129317	0.07877154897693212	0.07924512861059749	0.1036820433015539	0.09562527342598459	0.07877101571242336	0.08464886488292916	0.13699636947720972	0.09161484760169686	0.0834005039331594	0.08655237305622028	
0.004997031604660942	0.002850922667409939	0.06311365927365735	0.09119700337076425	0.22548185767141307	0.002850895992285016	0.5293234237620568	0.04907228064016838	0.00721748531136987	0.002940414531687212	0.020955025174527332	
0.02210123664090396	0.015653213768202872	0.02573363686041084	0.038473134861667466	0.053298410408376774	0.01565330909930108	0.03182433960632648	0.27344456966690234	0.42712424010530925	0.017022036448116083	0.07967187253448285	
0.004976109564414392	0.002482919117154302	0.003930489888506883	0.011808961933179943	0.005489018828213282	0.002482902617897317	0.019908006513836948	0.0072380753955454315	0.7951073069088795	0.004723468946220793	0.1418527402861512	
0.03219068563358821	0.0312838201975433	0.09390720245984566	0.08883184435520143	0.22454439785390698	0.031283799238876794	0.0731362962546091	0.044204753273052615	0.08389114119232999	0.03040254613578591	0.26632351340525995	
